87603
85608
77683
19164
56580
03690
62643
29031
04510
28692
48618
50626
27601
47669
28122
36800
83607
14614
80690
28642
33669
19184
03527
33667
44655
57303
06606
92693
28901
53603
46993
93656
18667
04660
64660
83677
56070
21437
43660
46608
61660
72609
04677
44602
32682
82665
13786
57650
41664
79003
37133
89669
91647
66671
63102
72608
55027
54697
48106
87650
40746
86657
83180
22637
52662
19678
47637
38646
32016
32628
34103
53600
30673
44623